Day,Income,Expense,Balance,Employees
1,2172,214.28571428571428,101957.71428571429,1
2,4728,15900.0,75185.71428571429,2
3,5196,31301.14285714286,19080.57142857143,3
4,11050,1301.142857142857,28829.428571428572,3
5,3163,1301.142857142857,30691.285714285714,3
6,7424,1301.142857142857,36814.142857142855,3
7,13304,1301.142857142857,48817.0,3
8,12286,1301.142857142857,59801.857142857145,3
9,11047,1301.142857142857,69547.71428571429,3
10,7579,1301.142857142857,75825.57142857143,3
11,8590,1301.142857142857,83114.42857142858,3
12,10783,1301.142857142857,92596.28571428572,3
13,8322,1301.142857142857,99617.14285714287,3
14,1662,1301.142857142857,99978.00000000001,3
15,2143,1301.142857142857,100819.85714285716,3
16,4810,1301.142857142857,104328.7142857143,3
17,13413,1301.142857142857,116440.57142857145,3
